osu file format v14

[General]
AudioFilename: audio.mp3
AudioLeadIn: 0
PreviewTime: -1
Countdown: 0
SampleSet: Normal
StackLeniency: 0.7
Mode: 0
LetterboxInBreaks: 0
WidescreenStoryboard: 0

[Editor]
DistanceSpacing: 0.8
BeatDivisor: 1
GridSize: 32
TimelineZoom: 1

[Metadata]
Title:MIRAI
TitleUnicode:MIRAI
Artist:MiraiKomachi
ArtistUnicode:MiraiKomachi
Creator:aguroshou
Version:Easy
Source:
Tags:
BeatmapID:0
BeatmapSetID:-1

[Difficulty]
HPDrainRate:5
CircleSize:5
OverallDifficulty:5
ApproachRate:5
SliderMultiplier:1.4
SliderTickRate:1

[Events]
//Background and Video events
Video,629,"MIRAI_ダンスサンプル動画_左右反転.mp4"
//Break Periods
2,6867,8745
2,37686,39565
2,59982,65795
//Storyboard Layer 0 (Background)
//Storyboard Layer 1 (Fail)
//Storyboard Layer 2 (Pass)
//Storyboard Layer 3 (Foreground)
//Storyboard Layer 4 (Overlay)
//Storyboard Sound Samples

[TimingPoints]
109.878748275246,655.737704918033,4,1,0,100,1,0


[Colours]
Combo1 : 0,0,0
Combo2 : 0,202,0
Combo3 : 18,124,255
Combo4 : 242,24,57
Combo5 : 255,192,0
Combo6 : 255,255,255

[HitObjects]
134,166,1421,5,0,0:0:0:0:
258,164,1759,1,0,0:0:0:0:
391,166,2077,1,0,0:0:0:0:
385,174,4044,1,0,0:0:0:0:
256,174,4387,1,0,0:0:0:0:
138,175,4700,1,0,0:0:0:0:
180,36,6011,1,0,0:0:0:0:
355,36,6011,1,0,0:0:0:0:
370,214,6667,1,0,0:0:0:0:
160,211,6667,1,0,0:0:0:0:
256,30,9945,5,0,0:0:0:0:
252,11,10601,1,2,0:0:0:0:
106,72,11257,1,0,0:0:0:0:
120,234,11913,1,0,0:0:0:0:
257,321,12568,1,0,0:0:0:0:
416,202,13224,1,0,0:0:0:0:
369,47,13880,1,0,0:0:0:0:
256,12,14536,1,0,0:0:0:0:
177,44,16181,1,0,0:0:0:0:
365,169,16187,1,0,0:0:0:0:
144,171,17482,1,0,0:0:0:0:
351,45,17495,1,0,0:0:0:0:
299,24,18797,1,0,0:0:0:0:
259,132,19126,1,0,0:0:0:0:
220,234,19477,1,0,0:0:0:0:
141,80,21749,1,0,0:0:0:0:
385,85,21749,1,0,0:0:0:0:
331,28,23716,1,0,0:0:0:0:
147,82,24372,1,0,0:0:0:0:
346,144,25027,1,0,0:0:0:0:
154,232,25683,1,0,0:0:0:0:
169,34,26995,1,0,0:0:0:0:
394,182,26995,1,0,0:0:0:0:
354,35,28306,1,0,0:0:0:0:
142,187,28306,1,0,0:0:0:0:
240,126,28962,1,0,0:0:0:0:
246,125,29618,1,0,0:0:0:0:
169,13,29964,1,0,0:0:0:0:
363,12,29965,1,0,0:0:0:0:
114,116,30273,1,0,0:0:0:0:
422,119,30273,1,0,0:0:0:0:
169,236,30612,1,0,0:0:0:0:
338,231,30612,1,0,0:0:0:0:
271,105,30929,1,0,0:0:0:0:
239,102,30929,1,0,0:0:0:0:
178,186,31585,1,0,0:0:0:0:
341,186,32241,1,0,0:0:0:0:
341,33,32896,1,0,0:0:0:0:
157,30,33552,1,0,0:0:0:0:
213,73,34863,1,0,0:0:0:0:
303,74,34863,1,0,0:0:0:0:
357,134,35815,1,0,0:0:0:0:
132,134,35816,1,0,0:0:0:0:
138,74,37486,1,0,0:0:0:0:
285,30,37486,1,0,0:0:0:0:
135,174,40765,5,0,0:0:0:0:
251,215,41103,5,0,0:0:0:0:
341,161,41421,1,0,0:0:0:0:
373,54,41759,1,0,0:0:0:0:
155,32,44700,5,0,0:0:0:0:
253,10,45355,1,0,0:0:0:0:
354,30,46011,1,0,0:0:0:0:
354,30,46667,1,0,0:0:0:0:
275,111,47322,1,0,0:0:0:0:
228,107,47978,1,0,0:0:0:0:
208,75,51257,1,0,0:0:0:0:
298,75,51257,1,0,0:0:0:0:
389,139,52899,1,0,0:0:0:0:
337,143,53224,1,0,0:0:0:0:
288,144,53563,1,0,0:0:0:0:
128,144,54536,1,0,0:0:0:0:
175,147,54881,1,0,0:0:0:0:
221,147,55191,1,0,0:0:0:0:
350,155,55847,1,0,0:0:0:0:
154,154,56503,1,0,0:0:0:0:
240,166,57159,1,0,0:0:0:0:
274,168,57159,1,0,0:0:0:0:
216,90,57814,1,0,0:0:0:0:
290,89,57814,1,0,0:0:0:0:
169,24,58470,1,0,0:0:0:0:
351,23,58470,1,0,0:0:0:0:
386,144,59126,1,0,0:0:0:0:
129,141,59126,1,0,0:0:0:0:
304,234,59782,1,0,0:0:0:0:
205,235,59782,1,0,0:0:0:0:
258,191,66995,5,0,0:0:0:0:
